0 0 1
1 0 2
0 1 3
1 1 4
2 0 5
3 0 6
2 1 7
3 1 8
4 0 10
5 0 11
4 1 12
5 1 13
6 0 17
7 0 18
8 0 19
9 0 20
6 1 21
7 1 22
8 1 23
9 1 24
10 0 26
11 0 27
10 1 28
11 1 29
12 0 33
13 0 34
12 1 35
13 1 36
14 0 37
15 0 38
14 1 39
15 1 40
16 0 41
17 0 42
18 0 43
19 0 44
16 1 45
17 1 46
18 1 47
19 1 48
20 0 49
21 0 49.5
22 0 50
23 0 50.5
20 1 51
21 1 51.5
22 1 52
23 1 52.5
24 0 53
25 0 53.5
26 0 54
27 0 54.5
24 1 55
25 1 55.5
26 1 56
27 1 56.5
28 0 57.25
29 0 57.75
30 0 58.25
31 0 58.75
28 1 59.25
29 1 59.75
30 1 60.25
31 1 60.75
32 0 65
33 0 66
32 1 67
33 1 68
34 0 69
35 0 70
34 1 71
35 1 72
36 0 72.75
37 0 73.25
38 0 73.75
39 0 74.25
36 1 74.75
37 1 75.25
38 1 75.75
39 1 76.25
40 0 81
41 0 82
42 0 83
43 0 84
40 1 85
41 1 86
42 1 87
43 1 88
44 0 89
45 0 90
46 0 91
47 0 92
44 1 93
45 1 94
46 1 95
47 1 96